[gd_scene load_steps=7 format=2]

[ext_resource path="res://models/mage.tscn" type="PackedScene" id=1]
[ext_resource path="res://states/combat/cast.gd" type="Script" id=2]
[ext_resource path="res://mobs/mage_state_machine.gd" type="Script" id=3]
[ext_resource path="res://states/motion/move.gd" type="Script" id=4]
[ext_resource path="res://states/motion/idle.gd" type="Script" id=5]

[sub_resource type="BoxShape" id=3]
extents = Vector3( 0.626815, 1.463, 0.484 )

[node name="Mage" type="KinematicBody"]

[node name="Pivot" type="Spatial" parent="."]

[node name="Mage" parent="Pivot" instance=ExtResource( 1 )]
transform = Transform( 1, 0, 0, 0, 1, 0, 0, 0, 1, 0, 0, 0 )

[node name="BoneAttachment" parent="Pivot/Mage/CharacterArmature/Skeleton" index="0"]
transform = Transform( 0.997553, -0.0470551, 0.0517112, 0.0457877, 0.998628, 0.0254282, -0.0528366, -0.0229982, 0.998338, -0.0615501, 2.01491, 0.184872 )

[node name="BoneAttachment2" parent="Pivot/Mage/CharacterArmature/Skeleton" index="1"]
transform = Transform( 0.807141, 0.255606, 0.532155, -0.0812003, -0.844775, 0.528925, 0.584748, -0.470128, -0.661097, 0.214241, 1.76138, 0.00486609 )

[node name="BoneAttachment3" parent="Pivot/Mage/CharacterArmature/Skeleton" index="2"]
transform = Transform( -0.189397, -0.100401, -0.976754, -0.336624, -0.927835, 0.160645, -0.922395, 0.359225, 0.141931, -0.625531, 0.902447, 0.61818 )

[node name="BoneAttachment4" parent="Pivot/Mage/CharacterArmature/Skeleton" index="3"]
transform = Transform( -0.0914186, -0.423556, -0.901245, -0.297966, -0.851936, 0.430607, -0.950189, 0.307905, -0.0483226, -0.344904, 1.75266, 0.31421 )

[node name="BoneAttachment5" parent="Pivot/Mage/CharacterArmature/Skeleton" index="4"]
transform = Transform( 0.850621, 0.123623, 0.511039, 2.16067e-07, 0.971965, -0.235124, -0.525779, 0.200002, 0.826775, -0.117168, 1.13112, 0.0660638 )

[node name="CollisionShape" type="CollisionShape" parent="."]
transform = Transform( 1, 0, 0, 0, 1, 0, 0, 0, 1, 0.00129247, 1.57143, 0.000229836 )
shape = SubResource( 3 )

[node name="StateMachine" type="Node" parent="."]
script = ExtResource( 3 )
cast = NodePath("Cast")

[node name="Idle" type="Node" parent="StateMachine"]
script = ExtResource( 5 )
animation_player = NodePath("../../Pivot/Mage/AnimationPlayer")
idle_animation = "Idle -loop"
move = NodePath("../Move")

[node name="Move" type="Node" parent="StateMachine"]
script = ExtResource( 4 )
animation_player = NodePath("../../Pivot/Mage/AnimationPlayer")
walk_animation = "Walk -loop"
idle = NodePath("../Idle")

[node name="Cast" type="Node" parent="StateMachine"]
script = ExtResource( 2 )
animation_player = NodePath("../../Pivot/Mage/AnimationPlayer")
idle = NodePath("../Idle")
cast_animation = "Spell1"

[connection signal="animation_finished" from="Pivot/Mage/AnimationPlayer" to="StateMachine/Cast" method="_on_AnimationPlayer_animation_finished"]

[editable path="Pivot/Mage"]
