[gd_scene load_steps=6 format=2]

[ext_resource path="res://models/mage.tscn" type="PackedScene" id=1]
[ext_resource path="res://mobs/mage_state_machine.gd" type="Script" id=3]
[ext_resource path="res://states/motion/on_ground/move.gd" type="Script" id=4]
[ext_resource path="res://states/motion/on_ground/idle.gd" type="Script" id=5]

[sub_resource type="BoxShape" id=3]
extents = Vector3( 0.626815, 1.463, 0.484 )

[node name="Mage" type="KinematicBody"]

[node name="Pivot" type="Spatial" parent="."]

[node name="Mage" parent="Pivot" instance=ExtResource( 1 )]
transform = Transform( 1, 0, 0, 0, 1, 0, 0, 0, 1, 0, 0, 0 )

[node name="BoneAttachment" parent="Pivot/Mage/CharacterArmature/Skeleton" index="0"]
transform = Transform( 1, 6.03275e-12, -0.000550203, -6.16703e-05, 0.993699, -0.112086, 0.000546736, 0.112086, 0.993698, -0.000638377, 2.09957, 0.0809259 )

[node name="BoneAttachment2" parent="Pivot/Mage/CharacterArmature/Skeleton" index="1"]
transform = Transform( 0.55461, 0.451439, 0.699007, 0.132647, -0.877264, 0.461317, 0.82147, -0.16313, -0.546421, 0.319536, 1.84333, 0.0430032 )

[node name="BoneAttachment3" parent="Pivot/Mage/CharacterArmature/Skeleton" index="2"]
transform = Transform( -0.0355984, -0.0195176, -0.999175, -0.367273, -0.929589, 0.0312435, -0.929432, 0.368082, 0.0259237, -0.56951, 0.975493, 0.16498 )

[node name="BoneAttachment4" parent="Pivot/Mage/CharacterArmature/Skeleton" index="3"]
transform = Transform( 0.489218, -0.467985, -0.735973, -0.118113, -0.871625, 0.475731, -0.864127, -0.145808, -0.481689, -0.319536, 1.84333, 0.0430032 )

[node name="BoneAttachment5" parent="Pivot/Mage/CharacterArmature/Skeleton" index="4"]
transform = Transform( 1, 2.76401e-11, 1.05598e-06, 2.48259e-07, 0.971966, -0.235124, -1.02638e-06, 0.235125, 0.971965, -0.000638377, 1.22128, -0.0909824 )

[node name="CollisionShape" type="CollisionShape" parent="."]
transform = Transform( 1, 0, 0, 0, 1, 0, 0, 0, 1, 0.00129247, 1.57143, 0.000229836 )
shape = SubResource( 3 )

[node name="StateMachine" type="Node" parent="."]
script = ExtResource( 3 )

[node name="Idle" type="Node" parent="StateMachine"]
script = ExtResource( 5 )
animation_player = NodePath("../../Pivot/Mage/AnimationPlayer")
idle_animation = "Idle -loop"
move = NodePath("../Move")

[node name="Move" type="Node" parent="StateMachine"]
script = ExtResource( 4 )
animation_player = NodePath("../../Pivot/Mage/AnimationPlayer")
walk_animation = "Walk -loop"
idle = NodePath("../Idle")

[editable path="Pivot/Mage"]
