[gd_scene load_steps=10 format=2]

[ext_resource path="res://assets/mage/mage.glb" type="PackedScene" id=1]
[ext_resource path="res://assets/mage/wizard_texture.png" type="Texture" id=2]
[ext_resource path="res://assets/mage/wizard_staff_texture.png" type="Texture" id=3]

[sub_resource type="SpatialMaterial" id=1]
albedo_texture = ExtResource( 2 )

[sub_resource type="SpatialMaterial" id=2]
albedo_texture = ExtResource( 2 )

[sub_resource type="SpatialMaterial" id=3]
albedo_texture = ExtResource( 3 )

[sub_resource type="SpatialMaterial" id=4]
albedo_texture = ExtResource( 2 )

[sub_resource type="SpatialMaterial" id=5]
albedo_texture = ExtResource( 2 )

[sub_resource type="SpatialMaterial" id=6]
albedo_texture = ExtResource( 2 )

[node name="Mage" instance=ExtResource( 1 )]
transform = Transform( -1, 0, -8.74228e-08, 0, 1, 0, 8.74228e-08, 0, -1, 0, 0, 0 )

[node name="Skeleton" parent="CharacterArmature" index="1"]
bones/4/bound_children = [ NodePath("BoneAttachment5") ]
bones/7/bound_children = [ NodePath("BoneAttachment") ]
bones/9/bound_children = [ NodePath("BoneAttachment2") ]
bones/17/bound_children = [ NodePath("BoneAttachment4") ]
bones/22/bound_children = [ NodePath("BoneAttachment3") ]

[node name="BoneAttachment" parent="CharacterArmature/Skeleton" index="0"]
transform = Transform( 1, 6.03275e-12, -0.000550203, -6.16703e-05, 0.993699, -0.112086, 0.000546736, 0.112086, 0.993698, -0.000638377, 2.09957, 0.0809259 )

[node name="Face" parent="CharacterArmature/Skeleton/BoneAttachment" index="0"]
material/0 = SubResource( 1 )

[node name="BoneAttachment2" parent="CharacterArmature/Skeleton" index="1"]
transform = Transform( 0.55461, 0.451439, 0.699007, 0.132647, -0.877264, 0.461317, 0.82147, -0.16313, -0.546421, 0.319536, 1.84333, 0.0430032 )

[node name="ShoulderPadL" parent="CharacterArmature/Skeleton/BoneAttachment2" index="0"]
material/0 = SubResource( 2 )

[node name="BoneAttachment3" parent="CharacterArmature/Skeleton" index="2"]
transform = Transform( -0.0355984, -0.0195176, -0.999175, -0.367273, -0.929589, 0.0312435, -0.929432, 0.368082, 0.0259237, -0.56951, 0.975493, 0.16498 )

[node name="Wizard_Staff" parent="CharacterArmature/Skeleton/BoneAttachment3" index="0"]
material/0 = SubResource( 3 )

[node name="BoneAttachment4" parent="CharacterArmature/Skeleton" index="3"]
transform = Transform( 0.489218, -0.467985, -0.735973, -0.118113, -0.871625, 0.475731, -0.864127, -0.145808, -0.481689, -0.319536, 1.84333, 0.0430032 )

[node name="ShoulderPadR" parent="CharacterArmature/Skeleton/BoneAttachment4" index="0"]
material/0 = SubResource( 4 )

[node name="BoneAttachment5" parent="CharacterArmature/Skeleton" index="4"]
transform = Transform( 1, 2.76401e-11, 1.05598e-06, 2.48259e-07, 0.971966, -0.235124, -1.02638e-06, 0.235125, 0.971965, -0.000638377, 1.22128, -0.0909824 )

[node name="Pouch" parent="CharacterArmature/Skeleton/BoneAttachment5" index="0"]
material/0 = SubResource( 5 )

[node name="Wizard001" parent="CharacterArmature/Skeleton" index="5"]
material/0 = SubResource( 6 )

[node name="AnimationPlayer" parent="." index="1"]
autoplay = "Idle -loop"
